order 4
sampFreq
a =

    1.0000   -3.2549    4.0299   -2.2430    0.4727
b =

    0.6875   -2.7501    4.1252   -2.7501    0.6875


    
Carlos Magno Queiroz14:21
order 5
a =

    1.0000   -4.0767    6.7187   -5.5870    2.3414   -0.3953

>> b

b =

    0.6287   -3.1436    6.2872   -6.2872    3.1436   -0.6287


 